32 100
82 76 0
96 44 19
50 5 21
49 8 6
13 7 19
29 89 7
58 30 12
84 39 16
14 24 6
2 39 16
3 82 8
5 10 14
98 52 21
84 25 16
61 59 3
1 65 22
88 51 18
91 2 19
19 32 1
93 3 24
50 93 8
98 14 12
5 42 4
42 9 8
61 62 24
9 97 24
80 55 2
57 69 20
23 15 15
20 70 2
85 60 14
98 5 9
33 100
42 68 0
77 97 5
28 64 23
77 39 14
32 33 13
32 8 8
42 92 18
8 3 19
7 14 10
82 17 18
48 13 20
53 82 5
39 27 9
7 24 23
67 98 9
54 52 18
72 43 10
73 3 24
59 77 13
58 97 14
23 43 8
68 98 10
47 62 19
52 72 14
32 88 13
39 7 14
17 8 2
38 7 23
58 74 15
82 67 8
42 7 20
68 82 24
7 48 3
33 100
34 31 0
45 55 26
70 80 17
81 70 6
85 61 15
59 55 7
45 60 5
50 64 15
80 64 16
75 90 17
25 40 1
9 66 21
1 44 66
50 54 25
35 45 16
71 84 11
1 9 7
25 54 17
45 59 17
45 71 22
66 84 10
11 35 25
81 46 16
85 10 7
75 20 21
15 21 11
90 45 21
15 0 11
31 26 21
10 95 22
6 6 25
51 5 2
26 36 22
34 100
73 39 0
67 91 23
39 21 3
3 9 24
97 15 15
91 65 15
55 75 24
55 71 7
57 85 25
21 15 13
47 57 5
51 97 7
11 11 5
43 59 14
63 69 13
55 77 5
35 11 24
27 91 15
49 25 9
29 93 16
71 27 13
31 43 16
27 9 13
67 99 24
87 81 20
23 81 23
89 33 20
71 91 3
19 77 15
65 77 12
87 79 19
19 83 4
1 59 15
55 7 1
36 100
15 19 0
1 49 1
87 25 14
69 65 15
93 91 11
33 31 18
71 61 2
29 9 22
93 7 7
55 47 18
23 13 23
19 47 12
57 63 21
5 95 2
65 43 14
69 1 9
3 25 10
19 91 4
21 81 19
67 91 2
41 23 20
19 75 15
15 79 11
79 47 6
19 65 13
27 49 19
29 17 13
25 65 8
59 51 15
27 95 18
21 91 11
61 83 21
15 83 12
31 87 2
71 41 23
91 21 11
37 100
38 46 0
59 46 16
96 42 18
47 61 1
26 15 13
66 6 8
96 7 23
37 25 7
68 92 27
78 84 1
82 28 3
93 90 6
74 42 24
60 20 19
78 58 2
36 48 5
45 36 16
73 57 7
10 91 4
98 51 22
92 62 7
43 42 23
53 25 16
78 65 2
72 79 2
37 88 9
16 73 2
75 96 12
11 66 1
9 49 9
25 72 23
8 68 6
12 61 19
50 2 7
26 54 7
18 89 20
22 53 20
37 100
86 22 0
29 17 1
4 50 23
25 13 23
67 37 5
13 7 7
62 15 18
84 38 12
34 3 20
19 45 19
42 76 19
40 86 16
25 94 2
63 57 26
75 24 13
61 85 19
87 38 17
54 39 14
66 34 8
46 39 10
47 17 5
21 54 19
19 83 12
1 82 9
94 28 18
82 72 4
41 59 20
100 77 8
1 57 3
96 7 18
57 82 26
47 38 21
68 89 21
16 36 8
51 38 19
83 74 66
84 2 21
38 100
69 63 0
3 35 12
71 79 5
1 47 8
11 15 12
87 23 18
37 33 12
87 29 11
35 81 19
55 71 23
41 51 8
93 9 25
11 49 1
75 89 5
75 69 17
97 95 13
15 13 9
63 95 13
47 41 19
45 41 5
89 43 26
45 59 9
95 23 20
19 83 21
71 69 8
27 19 12
17 57 13
93 15 12
59 29 4
35 39 19
33 51 25
61 21 7
89 53 3
33 85 2
37 37 24
21 91 13
67 95 14
61 15 14
45 100
31 73 0
11 67 19
52 96 2
81 29 12
97 62 20
71 5 6
6 56 17
48 50 8
91 17 14
49 68 2
85 29 8
11 16 5
74 98 7
56 37 22
13 81 14
66 80 17
96 55 23
36 17 15
32 23 21
6 13 2
64 30 24
87 5 10
75 61 20
40 72 6
1 44 21
60 95 10
27 49 6
15 33 13
46 53 21
28 43 24
3 9 11
1 100 16
53 46 8
98 8 11
6 25 11
7 81 22
96 88 17
2 35 22
32 94 17
95 94 8
9 11 23
96 16 5
90 68 3
33 31 18
6 59 12
45 100
61 99 0
95 7 14
45 87 1
15 47 16
39 75 23
55 23 12
29 71 6
87 79 5
75 63 1
65 61 13
73 35 20
17 35 14
39 99 18
75 77 7
49 37 8
85 31 21
89 71 8
89 43 24
79 81 20
45 5 19
93 69 13
49 69 3
63 25 26
93 33 17
39 45 22
89 33 8
47 77 16
29 19 20
13 65 12
33 9 22
63 9 20
41 13 12
67 75 14
41 27 25
49 77 17
57 81 19
45 5 20
83 7 15
81 61 2
57 81 9
93 89 10
17 13 6
89 27 11
7 25 21
35 35 24
46 100
75 55 0
7 75 12
77 1 26
51 25 1
81 25 20
59 37 2
93 45 13
43 21 20
35 53 7
77 63 10
37 13 15
37 51 7
27 31 24
95 31 10
87 43 12
23 65 23
9 51 13
73 81 19
3 1 9
41 61 12
29 81 6
51 95 9
49 25 22
81 53 18
7 51 19
21 5 20
91 35 24
17 81 10
61 69 4
27 97 20
83 23 15
21 93 13
59 31 12
27 53 3
9 91 7
11 27 18
59 41 3
67 1 23
77 39 1
47 29 17
3 89 13
33 87 6
17 45 22
91 41 20
23 3 21
97 61 2
48 100
47 5 0
1 19 20
97 35 14
23 79 5
77 87 11
3 9 22
5 27 25
41 53 2
51 87 18
67 73 10
89 45 26
71 99 14
11 1 22
85 85 9
57 11 11
57 85 18
71 33 24
61 13 15
39 15 23
13 59 16
43 99 14
87 73 8
11 37 5
21 11 12
77 81 8
3 63 16
47 95 12
53 75 15
73 55 9
81 71 2
89 75 10
11 9 2
27 37 3
95 59 20
63 63 3
37 21 13
33 47 25
23 63 23
13 55 8
47 93 16
45 43 9
83 7 14
69 91 4
13 11 13
37 15 7
53 59 16
97 83 18
75 31 16
53 100
24 63 0
35 60 2
79 46 12
3 45 14
42 50 2
3 40 17
29 96 20
47 30 2
54 77 26
36 30 7
83 86 24
30 6 23
55 29 13
13 2 25
1 19 20
98 1 3
75 10 18
39 23 23
62 91 6
96 9 2
27 87 13
14 16 22
52 49 3
95 21 6
30 6 7
18 40 1
82 90 18
50 79 18
48 49 10
82 73 2
64 62 9
34 78 10
83 6 8
3 77 30
18 8 16
53 86 23
88 51 2
77 51 18
58 89 22
12 44 1
70 88 8
36 17 4
85 23 26
93 30 21
68 67 2
71 34 15
56 73 25
37 37 22
78 20 19
88 69 3
95 42 3
44 71 5
18 1 13
54 100
61 5 0
85 53 24
17 57 9
49 93 15
69 11 17
87 15 2
49 39 19
87 23 10
19 83 17
69 87 20
69 43 16
49 67 8
17 61 12
45 61 3
21 53 23
71 37 4
53 23 23
77 63 20
89 7 2
21 83 19
77 25 2
85 95 23
43 93 23
75 25 5
1 43 12
7 7 15
81 69 9
23 57 13
81 15 18
77 35 16
49 3 7
21 93 6
41 37 2
71 91 8
31 13 2
69 33 2
91 47 4
13 69 13
65 75 18
91 27 9
9 85 19
15 19 3
7 37 14
61 11 19
59 83 21
85 69 4
15 29 6
1 13 22
1 83 13
85 31 10
95 25 18
5 33 5
51 11 9
51 85 36
55 100
36 64 0
94 47 3
10 23 12
16 46 25
25 79 4
41 30 11
81 45 20
14 79 21
42 56 10
90 17 20
41 39 13
21 14 14
41 46 16
65 96 17
13 49 11
21 14 36
57 2 6
14 42 7
66 62 21
58 96 11
5 51 17
41 50 22
50 99 10
84 85 19
97 90 21
47 76 23
11 54 19
60 97 15
60 89 22
58 68 7
30 93 11
9 60 15
47 44 22
19 40 12
15 40 24
88 21 25
33 58 2
21 51 15
57 7 18
81 6 13
49 6 3
51 78 20
9 62 14
84 36 10
95 76 10
89 44 66
10 49 10
69 16 7
75 66 12
97 11 24
74 69 5
1 14 18
96 91 7
46 22 11
74 92 12
60 100
27 93 0
33 27 16
29 39 2
7 81 7
1 59 11
49 9 9
21 53 17
79 89 21
81 83 23
85 11 10
45 9 6
7 65 19
95 27 18
81 85 20
37 81 13
69 69 5
15 95 11
89 75 24
33 93 2
57 83 3
11 95 1
3 57 5
45 11 20
43 61 23
35 43 24
19 83 18
83 69 19
85 77 2
19 39 17
83 87 17
1 13 9
15 39 11
83 17 2
41 97 6
31 61 9
59 69 5
29 15 9
93 83 2
63 97 14
65 57 19
15 69 11
31 97 21
57 9 20
85 37 21
21 29 18
53 11 48
15 77 1
41 69 17
45 17 42
13 25 2
63 57 4
95 5 24
55 91 18
3 31 21
47 7 11
61 69 9
85 35 18
89 81 22
45 47 9
65 93 23
61 100
61 37 0
93 57 23
15 67 17
23 43 12
53 5 6
13 75 22
29 73 3
47 37 24
23 71 24
67 45 11
21 49 7
93 43 12
67 13 8
69 25 14
53 35 20
25 39 16
85 69 16
81 27 4
77 79 9
45 43 18
31 75 14
49 99 10
63 9 19
47 37 22
33 47 19
39 69 9
49 3 18
49 87 2
87 39 18
37 91 11
19 33 19
97 35 18
31 5 15
35 25 4
79 61 12
73 73 8
35 95 18
5 43 12
19 45 72
71 39 2
35 63 5
27 73 14
31 21 11
47 9 19
87 45 16
1 49 19
1 77 3
63 73 12
79 71 10
21 55 20
65 23 7
65 47 13
97 23 16
23 71 23
5 81 22
53 27 18
57 85 6
89 23 12
51 65 27
13 49 9
91 41 15
62 100
2 48 0
64 71 26
33 83 18
77 89 16
96 61 8
53 55 7
38 10 11
7 40 4
7 1 9
73 68 9
4 24 16
82 56 7
30 56 6
38 62 1
42 53 2
5 49 22
1 85 23
94 4 4
50 70 3
35 69 20
14 41 7
94 73 1
23 96 2
96 88 12
74 94 22
68 52 6
73 22 11
92 96 12
4 48 2
24 10 14
52 72 14
61 46 2
38 9 9
90 15 20
58 41 2
93 41 18
8 74 19
13 87 18
34 68 4
84 97 16
35 20 26
96 79 3
73 87 23
21 1 16
28 93 10
55 94 9
56 84 21
68 99 24
30 53 24
85 49 19
85 2 12
0 30 16
12 71 6
26 55 2
72 75 2
71 21 2
33 49 23
51 2 16
93 7 26
70 22 21
54 53 2
26 17 7
63 100
76 75 0
60 14 11
46 5 20
91 14 26
70 95 17
86 31 5
20 0 17
41 55 1
21 15 15
46 1 16
95 45 22
16 89 2
41 1 22
60 94 25
55 25 20
71 41 20
39 35 21
61 70 26
80 36 12
100 26 5
65 85 11
40 51 5
19 71 21
34 50 17
36 61 12
69 50 12
61 94 15
19 11 21
51 91 12
61 54 2
76 90 17
41 75 16
35 100 15
1 40 26
15 91 12
21 11 22
79 81 16
34 36 21
74 99 16
75 14 2
65 54 6
55 10 2
100 6 6
99 91 10
25 86 11
75 16 1
30 45 63
21 85 10
75 80 21
71 35 7
56 81 1
25 76 6
85 76 26
60 34 17
41 44 10
6 55 25
60 54 25
40 96 25
20 71 16
94 45 5
31 41 22
40 49 17
56 80 6
63 100
91 93 0
7 5 4
27 91 18
21 47 22
33 11 14
19 99 5
59 25 9
69 79 7
11 73 20
21 35 19
59 45 7
99 81 18
71 47 20
53 83 2
87 1 11
79 67 10
59 65 5
67 21 21
27 1 20
81 93 1
59 89 15
95 23 15
73 25 14
41 25 19
3 65 22
59 83 21
83 97 22
5 83 6
71 35 24
37 97 14
29 93 14
19 21 2
83 13 15
97 67 21
31 83 15
65 17 6
19 63 23
59 23 14
17 25 26
45 27 15
89 7 15
19 41 23
23 39 7
23 21 22
83 61 26
11 93 20
17 11 3
35 11 2
21 59 15
21 69 2
71 13 21
63 13 12
49 21 4
83 31 10
41 97 23
85 15 4
77 73 24
57 1 17
83 11 2
1 75 20
45 71 18
41 55 19
45 13 8
64 100
97 33 0
57 81 10
1 33 15
55 57 23
29 37 23
21 39 24
93 37 17
5 91 1
25 11 4
47 37 2
87 25 5
67 65 18
71 89 9
67 15 8
45 79 23
71 57 13
29 1 4
59 79 18
93 83 16
47 41 26
51 41 16
23 93 4
87 95 23
39 45 8
45 7 26
85 51 16
35 93 5
47 79 2
59 91 21
83 51 23
49 65 8
21 55 5
51 21 8
69 43 26
37 41 12
37 95 8
5 71 3
37 47 8
83 73 19
17 71 16
5 71 2
81 17 3
59 33 17
63 87 7
21 77 5
71 51 8
21 17 4
9 7 12
65 43 19
25 63 19
13 57 26
47 43 24
77 9 5
57 55 8
21 33 22
27 59 9
83 9 18
63 69 19
9 35 15
25 55 5
33 3 11
53 11 12
51 49 54
9 23 8
65 100
25 51 0
35 7 12
93 75 24
53 95 16
51 81 7
51 55 9
1 67 20
9 23 10
75 7 18
15 97 26
79 5 17
9 19 2
39 1 11
47 1 9
33 97 12
27 83 11
83 79 12
17 59 23
47 19 7
57 9 1
87 41 26
55 25 10
21 91 9
21 13 22
67 1 21
59 21 17
1 75 2
33 85 15
25 21 16
45 29 14
63 77 23
1 77 24
77 41 2
35 11 12
9 77 18
61 87 5
59 91 19
63 79 15
97 67 8
9 45 6
93 21 14
83 71 13
95 57 5
31 69 24
77 17 25
63 57 2
3 63 8
11 69 14
7 9 2
37 65 13
75 83 10
15 53 6
69 5 6
69 27 24
5 19 21
49 31 20
77 17 24
15 7 4
91 39 19
79 17 14
67 75 23
93 51 2
25 33 16
9 19 23
3 65 14
69 100
59 44 0
9 23 2
84 68 1
36 93 6
87 9 9
34 16 16
40 98 5
72 43 3
0 60 9
64 90 12
11 8 1
46 7 1
33 54 18
23 84 10
67 18 5
34 93 5
19 25 9
14 9 16
70 64 12
58 50 6
5 78 6
95 39 20
38 54 23
50 73 39
48 46 17
64 4 8
39 28 2
79 30 13
61 36 17
28 50 3
51 91 2
68 59 7
14 9 23
94 87 10
68 29 7
12 91 12
2 22 20
25 16 13
11 57 21
3 51 25
13 52 5
9 76 4
58 18 13
40 39 12
32 89 23
9 92 19
36 14 10
82 13 7
10 25 15
96 97 5
20 21 15
40 91 13
33 31 30
72 74 15
41 24 7
90 20 9
4 44 23
54 22 8
43 59 5
3 70 8
94 16 25
94 54 12
14 40 25
37 0 24
88 55 8
80 25 22
37 64 7
87 47 24
18 68 18
80 100
92 92 0
88 58 24
70 6 22
57 59 23
0 98 5
61 38 11
65 22 23
91 52 26
59 2 9
3 54 23
95 38 9
80 28 14
66 42 16
79 74 12
99 25 2
20 43 2
40 3 6
50 42 20
97 0 26
21 19 12
36 21 15
100 61 13
11 85 26
69 35 17
69 22 7
29 35 12
14 9 4
50 33 4
89 17 20
57 44 10
60 25 9
48 42 2
17 93 9
21 50 1
77 18 2
2 4 2
63 83 12
68 6 14
41 95 23
48 54 21
98 73 13
26 38 13
69 76 23
40 1 3
65 41 6
14 86 23
32 39 11
14 24 2
96 5 7
82 98 13
23 85 10
63 69 3
87 19 6
56 75 13
15 63 2
10 45 14
7 30 7
31 11 21
36 93 7
50 31 22
49 52 13
39 10 22
76 40 18
83 34 22
33 51 6
0 15 2
52 82 11
52 82 5
46 6 9
3 26 9
46 80 5
94 30 12
26 76 2
75 92 12
57 51 19
34 21 6
28 80 14
59 66 2
51 16 2
87 11 24
0 0
