31 100
17 76 0
24 6 25
96 29 3
14 19 13
14 32 17
0 34 16
16 22 9
20 26 22
22 28 10
17 23 16
98 30 8
30 8 3
23 27 16
19 23 16
34 7 10
31 7 24
0 37 16
19 23 15
0 36 14
26 7 5
98 32 12
5 40 2
17 26 18
21 26 20
28 8 15
1 35 8
27 28 22
99 30 15
26 28 10
17 29 13
20 26 19
34 100
28 57 0
76 46 6
67 5 12
84 22 2
73 6 24
67 72 3
68 74 18
68 6 21
76 7 14
91 30 69
80 0 1
0 25 13
73 13 2
76 81 2
92 30 7
69 80 7
90 30 1
71 77 23
83 47 19
79 47 14
74 6 8
68 6 11
72 0 4
80 0 8
91 25 24
71 73 12
78 10 9
85 24 4
75 80 19
87 24 15
0 7 2
71 78 2
74 0 15
76 0 66
35 100
78 95 0
93 43 12
57 4 3
2 80 2
10 17 13
31 8 17
10 87 12
97 50 1
16 93 26
98 48 13
103 47 15
38 9 20
100 51 20
60 11 3
15 19 3
39 15 12
102 47 25
103 59 2
10 82 15
39 9 24
97 52 2
18 97 7
32 13 15
96 45 2
11 21 13
15 96 9
10 81 12
13 24 26
0 8 17
103 59 26
33 11 9
13 94 14
63 5 9
3 87 25
14 25 13
38 100
64 75 0
16 97 18
2 79 10
28 79 16
16 3 12
39 20 21
35 65 23
43 21 15
44 0 25
37 67 3
17 100 6
34 80 7
45 7 4
11 83 20
35 88 25
21 98 20
41 72 12
51 0 3
17 9 12
36 66 14
20 105 26
35 85 9
37 75 22
17 11 20
46 6 9
40 23 13
43 73 21
40 21 10
29 85 8
45 6 5
0 24 14
42 66 7
30 81 21
17 9 20
46 4 1
0 85 21
51 2 17
5 80 2
39 100
37 21 0
77 57 14
97 79 16
39 33 18
45 47 20
85 23 1
7 1 12
16 6 13
21 13 18
21 7 9
12 6 15
92 24 8
92 32 10
10 8 7
19 15 18
86 24 14
106 84 1
48 48 15
8 2 7
14 2 25
14 2 2
98 82 3
106 80 4
98 86 16
98 82 15
80 62 23
82 62 11
52 52 21
42 42 10
25 11 12
104 86 9
44 38 7
78 64 8
98 80 4
16 4 23
46 48 8
44 42 6
100 82 2
52 54 15
41 100
37 35 0
61 78 6
18 33 11
10 7 14
48 26 7
96 58 12
16 97 16
102 67 6
97 67 18
20 17 7
110 77 20
26 101 7
102 74 23
98 64 16
71 82 10
101 60 9
104 69 18
70 85 8
17 9 15
56 34 9
105 69 23
20 8 7
103 63 15
105 76 14
25 35 21
28 43 25
58 36 14
56 32 11
65 87 19
70 80 12
100 65 8
102 61 25
99 73 17
24 103 22
26 107 11
21 39 16
99 71 16
20 16 8
56 30 23
51 31 15
106 70 13
43 100
74 34 0
9 22 25
13 28 19
47 63 8
74 43 10
71 10 1
11 61 14
23 33 11
14 29 20
31 34 23
22 29 3
50 66 4
16 30 6
48 70 23
16 0 7
18 33 15
20 34 13
26 36 3
49 0 11
19 0 24
80 17 8
75 13 14
18 68 8
10 27 9
12 66 24
80 50 10
29 43 19
79 48 10
14 0 5
76 51 7
54 68 23
17 30 11
78 50 12
72 19 4
23 37 11
78 45 16
14 34 22
0 15 24
16 31 12
24 37 5
84 47 11
80 44 7
24 41 9
44 100
35 31 0
77 13 26
95 51 11
91 15 22
65 93 18
51 17 10
41 57 9
39 39 12
70 102 10
74 94 12
81 97 19
77 95 5
84 14 18
48 60 7
98 54 14
92 18 14
42 42 20
52 18 7
44 42 4
48 44 11
80 22 3
42 58 22
73 105 15
81 101 69
102 58 26
82 18 20
96 58 12
98 18 22
84 16 9
44 44 23
73 103 7
96 16 17
46 48 3
92 16 18
44 64 18
98 22 9
96 52 4
46 64 20
77 103 24
104 54 3
58 20 4
46 64 4
73 103 23
94 16 17
45 100
53 22 0
34 28 1
2 5 19
40 85 19
88 38 22
74 20 20
82 21 11
0 46 2
84 31 5
11 12 20
42 37 22
90 44 2
85 22 2
9 8 11
4 51 22
3 10 19
90 40 3
41 33 1
10 50 2
96 45 16
48 90 2
87 31 13
79 26 7
39 32 8
0 91 16
89 45 14
91 46 4
3 53 14
44 0 7
89 41 20
40 32 14
42 86 7
0 13 9
97 45 7
1 50 5
45 94 10
36 33 13
4 15 25
42 88 1
42 29 22
92 0 9
75 26 3
78 0 8
77 29 10
5 47 19
45 100
49 64 0
60 38 21
38 21 13
98 27 24
69 60 10
59 40 22
82 28 16
86 36 9
76 65 9
102 29 18
43 26 15
45 28 3
76 68 7
64 45 14
0 44 22
89 31 10
60 44 13
0 44 3
84 29 4
83 66 14
86 36 2
103 32 16
76 65 10
86 74 5
0 48 11
66 41 19
67 40 14
77 61 18
78 66 12
66 46 21
61 41 21
105 31 24
78 68 6
91 37 7
83 29 13
91 45 15
42 25 5
83 69 10
101 36 19
74 65 6
93 37 21
107 34 19
63 40 17
61 47 26
90 43 8
50 100
49 53 0
59 1 21
17 83 8
85 57 11
47 21 7
1 21 21
25 69 5
75 63 13
3 7 10
56 26 9
86 58 20
8 8 7
59 27 12
64 2 23
86 64 2
28 72 4
88 58 14
18 90 12
82 64 3
22 92 5
6 10 13
10 24 5
59 29 12
52 24 2
94 62 3
76 68 18
66 2 24
90 58 4
20 84 63
50 22 19
76 64 2
63 33 9
20 84 4
59 31 9
32 74 23
48 24 6
2 30 3
10 8 12
57 27 7
68 6 17
28 74 22
63 35 26
86 58 14
90 62 9
22 90 2
6 28 16
62 8 24
59 35 4
18 88 19
30 76 11
50 100
8 12 0
63 77 14
19 10 3
39 49 5
86 5 9
96 64 69
34 25 13
44 15 25
58 90 17
49 21 12
43 57 12
52 28 10
47 22 2
40 50 23
44 34 15
0 70 16
56 30 26
60 98 12
103 0 12
105 70 26
45 25 10
64 82 22
44 50 4
44 53 16
59 27 8
54 16 23
92 11 2
46 22 24
98 74 12
103 72 24
44 29 4
39 30 19
97 71 21
49 22 7
22 13 15
44 58 14
50 25 18
46 21 7
44 50 20
51 66 18
28 12 2
50 59 21
61 92 21
52 25 3
21 16 5
51 61 20
46 51 16
91 13 25
25 13 3
53 22 10
51 100
53 55 0
1 90 9
94 85 10
13 19 14
97 45 5
78 69 8
92 35 10
98 36 15
99 0 16
2 94 23
85 77 4
94 42 22
101 3 16
103 51 12
106 38 20
9 95 18
88 71 9
83 77 17
100 55 42
17 23 9
3 91 17
6 91 7
9 102 4
9 95 7
8 104 13
9 99 6
98 39 22
101 8 6
99 38 13
103 54 21
3 103 16
101 7 20
103 8 11
20 25 18
97 93 24
0 51 26
81 70 9
103 7 21
95 87 3
102 54 22
83 72 7
101 10 10
105 48 17
96 40 8
5 91 10
9 96 12
10 100 10
9 96 24
22 21 5
2 95 10
9 95 6
52 100
29 33 0
41 11 22
31 87 8
91 27 3
53 87 6
7 19 10
27 19 18
1 41 8
8 20 13
40 92 13
14 20 3
92 32 10
62 94 6
45 97 23
96 36 8
47 101 4
40 92 13
49 97 6
48 12 5
45 101 10
46 16 22
92 34 13
49 95 13
62 92 18
96 28 14
28 22 14
47 95 26
9 21 23
92 30 4
12 22 25
48 12 9
94 28 8
43 99 16
8 42 3
43 99 1
8 42 17
30 20 9
16 24 15
36 92 2
98 34 19
36 28 7
28 26 6
42 18 22
2 50 22
16 20 10
56 90 7
45 97 4
17 23 23
34 88 13
47 99 10
62 96 8
8 24 14
56 100
87 45 0
93 41 10
75 95 15
89 55 7
89 19 25
21 9 16
81 31 8
79 25 15
30 18 23
5 5 8
31 21 2
84 98 14
10 8 7
90 58 15
24 16 14
80 26 7
96 42 14
28 18 11
37 23 7
39 27 6
78 104 1
98 26 22
8 12 26
10 12 5
82 30 18
82 38 18
94 24 4
94 44 10
30 16 3
84 28 2
76 96 12
76 102 6
98 58 15
90 64 12
76 96 5
100 44 7
94 56 12
84 26 24
6 12 6
90 24 12
26 12 5
84 30 18
86 28 3
31 27 7
24 16 15
84 30 23
33 19 20
90 28 5
94 50 24
92 60 6
8 12 19
24 16 5
94 42 10
82 32 3
76 96 4
80 100 5
57 100
11 83 0
37 61 2
77 81 1
35 21 3
1 93 9
21 39 13
63 7 21
97 95 6
3 7 22
5 3 10
36 22 23
64 10 2
6 8 15
24 40 10
86 82 23
68 14 8
28 46 5
10 8 14
8 14 6
10 10 15
104 104 18
38 24 15
80 82 10
22 46 17
26 40 1
4 10 1
10 12 18
26 44 7
4 10 12
4 98 9
78 82 26
64 8 60
98 98 12
24 40 17
10 8 9
8 96 7
8 8 13
84 90 24
8 8 10
86 86 17
6 94 24
10 10 25
80 82 1
102 96 20
36 26 14
44 28 6
22 46 9
100 100 11
28 42 2
30 40 11
78 84 17
10 4 3
78 84 1
6 8 8
10 94 12
40 66 9
10 16 13
57 100
19 1 0
83 61 18
59 95 16
73 25 23
51 53 20
23 49 18
63 19 19
51 81 2
1 89 4
97 41 10
74 30 2
60 88 26
58 54 21
63 95 10
65 89 8
6 94 20
61 97 21
75 31 4
106 48 5
69 93 15
56 84 18
26 54 2
66 24 21
60 98 20
92 66 23
8 92 13
64 102 22
104 48 17
104 42 11
30 52 7
52 54 13
77 33 13
68 20 16
56 62 14
65 91 25
54 60 18
26 52 2
52 90 19
56 56 6
66 102 19
72 24 9
28 56 24
58 82 2
84 66 13
63 93 17
88 64 20
74 28 24
26 50 8
58 58 15
52 56 7
76 26 7
8 92 4
90 68 22
32 50 11
84 66 10
78 34 25
64 24 24
63 100
73 89 0
97 22 18
19 31 11
23 95 18
18 89 17
60 94 21
9 26 6
71 7 12
10 80 6
27 64 21
46 32 14
26 0 2
8 8 5
63 101 12
16 10 23
30 69 23
26 103 19
20 0 18
99 32 8
16 33 21
79 13 7
18 30 19
27 41 18
34 4 7
19 0 6
12 33 12
11 28 21
101 0 6
69 98 21
69 102 20
15 81 18
26 90 6
65 100 20
14 29 20
21 40 23
10 29 4
81 10 21
53 37 4
31 9 6
21 36 9
24 98 21
15 14 5
28 36 20
19 0 11
30 102 16
81 15 48
12 86 2
30 65 15
66 99 15
17 89 22
102 29 25
16 31 23
17 33 5
32 8 24
11 11 11
61 102 24
16 88 20
29 9 21
15 9 10
14 85 24
63 95 3
29 32 9
19 32 5
64 100
59 73 0
79 65 24
73 27 15
41 81 2
11 93 3
13 89 24
11 15 17
71 81 9
77 89 4
41 87 2
44 94 15
51 101 20
42 92 17
58 104 15
14 94 20
18 90 8
60 102 6
72 86 2
45 95 6
20 90 18
74 32 5
78 90 16
18 98 2
78 36 18
16 90 1
78 36 13
80 74 17
78 92 5
52 108 14
49 97 19
72 82 3
72 88 22
42 82 6
50 92 9
82 94 22
16 94 6
18 94 18
42 88 23
78 94 24
80 32 4
84 96 20
76 82 16
78 30 15
88 68 24
18 20 16
18 20 9
74 82 4
47 95 11
18 94 3
86 68 54
45 95 36
14 102 19
82 66 11
14 16 21
76 86 12
18 102 9
58 106 17
76 34 16
18 18 14
14 96 14
18 94 21
46 96 19
82 70 6
76 28 17
66 100
41 88 0
53 83 5
87 28 20
42 11 7
22 1 2
34 36 19
84 33 19
81 63 9
11 29 15
62 27 22
90 30 14
84 69 15
69 33 18
89 72 4
45 16 6
28 6 4
89 35 10
58 88 16
62 87 14
88 67 1
57 90 23
54 0 19
92 71 16
63 86 22
70 34 15
91 35 4
93 30 21
39 44 16
86 36 22
43 13 6
89 41 2
85 70 11
0 72 5
18 39 2
93 76 12
90 65 6
88 0 17
91 36 15
87 66 11
45 14 4
0 33 22
54 89 13
35 46 21
91 73 13
95 35 20
85 71 6
94 31 15
88 37 22
91 35 11
66 34 18
86 38 8
92 77 22
56 93 16
58 91 7
60 91 16
61 84 21
90 70 16
85 67 17
0 69 16
94 35 23
28 5 3
89 37 20
90 34 13
94 32 6
95 35 12
16 32 15
67 100
58 90 0
5 66 12
34 98 12
93 17 10
23 67 2
71 91 23
20 39 15
20 86 16
7 99 26
72 78 12
27 90 12
14 72 26
72 101 10
72 96 22
19 73 4
76 95 16
30 92 8
30 87 23
40 104 2
7 73 24
7 76 12
79 86 24
82 105 4
12 104 19
21 93 21
77 85 7
37 101 15
28 91 14
72 95 18
22 92 7
98 18 20
42 107 18
16 101 2
41 100 21
23 41 21
8 70 3
22 45 5
15 103 20
27 88 16
25 47 25
26 42 3
29 93 10
25 45 18
29 91 4
26 44 14
78 109 6
27 69 13
40 99 25
74 81 17
8 69 15
18 74 19
24 96 21
82 107 15
27 46 25
81 95 7
79 95 4
76 95 16
97 19 24
74 98 16
21 94 10
40 0 15
100 23 14
99 24 14
73 85 2
26 40 1
16 103 9
33 94 3
68 100
87 39 0
63 45 10
5 71 3
71 13 7
59 63 18
45 95 2
29 13 2
51 79 23
7 67 8
25 85 9
1 7 22
72 14 12
28 86 20
52 86 21
46 100 9
66 46 6
28 90 11
16 70 18
2 14 23
79 21 10
14 72 11
32 88 3
6 72 10
73 15 23
2 12 8
73 21 16
12 76 26
66 72 19
2 16 9
38 16 18
30 88 5
68 54 23
32 14 1
64 46 2
26 88 21
62 68 19
34 16 5
8 68 14
77 15 10
73 15 2
75 15 16
8 68 17
36 20 5
56 82 16
26 88 6
28 86 11
52 84 14
60 70 17
26 86 8
8 72 48
76 16 12
6 76 9
14 72 6
78 14 10
34 92 19
74 14 22
64 46 5
10 74 12
6 8 5
28 88 9
60 64 8
6 78 21
46 102 9
77 23 3
68 66 8
58 80 9
58 84 16
36 14 17
78 100
46 12 0
51 4 14
52 30 17
80 70 17
18 90 16
59 39 19
23 59 17
77 48 5
82 30 12
18 82 4
11 41 2
7 9 2
88 33 26
23 88 2
0 76 7
85 34 18
17 46 6
52 10 6
13 45 18
19 85 2
86 77 14
54 6 5
83 32 9
15 10 4
53 5 3
14 42 15
13 10 4
57 32 23
20 85 7
65 46 21
61 42 4
87 52 1
79 51 6
25 91 16
89 34 4
26 100 20
0 88 5
63 43 14
55 10 14
23 86 26
8 18 5
0 74 2
20 44 14
56 7 11
14 10 21
88 40 20
96 38 18
59 31 2
22 87 19
59 36 12
24 83 22
83 37 14
53 5 23
0 37 25
84 78 8
27 93 3
61 12 9
69 43 21
54 9 3
20 98 22
18 50 6
25 84 2
31 69 22
58 36 20
0 11 5
61 36 13
18 49 6
57 8 14
0 49 16
56 8 12
62 45 23
83 32 5
53 10 12
82 53 15
21 85 21
64 41 4
80 50 23
16 10 19
0 0