8.76e-07
1.484e-06
2.503e-06
3.739e-06
7.573e-06
1.3274e-05
2.6111e-05
5.3455e-05
0.000113057
2.0135e-05
4.5553e-05
0.000966372
0.00227687
0.000862031
0.000146088
0.00831615
1.2783e-05
0.0249463
0.0368752
0.0259124
0.0144826
0.027503
0.000553039
8.5084e-05
0.00182969
0.0170465
6.801e-06
0.0135587
0.000216569
9.1918e-05
1.6932e-05
0.00658953
0.00437752
0.00484034
0.00257604
0.00592656
0.0232352
0.000161023
1.3841e-05
0.00156227
0.00805144
0.00158478
0.0027631
0.0072925
0.000757439
0.0112475
0.000475353
0.0086455
0.000269375
0.00038612
0.000982729
0.00222902
0.0145875
0.0218901
0.00991667
0.000229718
0.00766695
0.00180474
0.00697212
5.4335e-05
0.0227119
0.00077797
0.025638
0.00114789
0.0290176
0.0142509
0.0168853
9.6841e-05
0.0251316
8.1178e-05
0.00123379
3.7443e-05
0.000764079
0.00344596
0.00172248
0.0020975
0.00941815
0.000614483
0.0268679
0.00374593
0.00180754
0.00301476
0.0039598
0.0039724
0.0246317
0.00244955
0.00134655
0.000743807
0.00219487
0.00180942
0.0048655
0.00727927
0.00302215
0.0147797
6.6726e-05
9.612e-06
0.00187199
0.0072008
0.000347255
