2.256e-06
3.208e-06
3.658e-06
6.59e-07
1.1976e-05
9.003e-06
1.2887e-05
1.0503e-05
9.451e-06
2.572e-06
3.78e-06
1.5172e-05
2.2374e-05
1.2675e-05
7.029e-06
4.2768e-05
1.717e-06
3.2555e-05
3.8856e-05
3.6901e-05
3.6382e-05
4.1215e-05
1.5117e-05
6.923e-06
2.6582e-05
0.000148165
1.188e-06
4.3022e-05
1.4879e-05
6.835e-06
2.095e-06
4.0192e-05
4.425e-05
4.6237e-05
6.5778e-05
5.219e-05
6.4492e-05
1.0257e-05
2.027e-06
3.4791e-05
8.1002e-05
3.6967e-05
4.2723e-05
5.842e-05
3.3533e-05
7.1677e-05
2.2099e-05
6.6062e-05
1.2124e-05
1.8499e-05
4.1632e-05
7.0452e-05
8.4731e-05
0.000102784
7.6467e-05
1.26e-05
7.4248e-05
5.2202e-05
7.5166e-05
5.28e-06
0.000945691
3.6391e-05
0.000145034
5.4506e-05
0.000166719
0.000716423
0.000130196
8.958e-06
0.000164594
9.782e-06
5.4979e-05
5.328e-06
4.063e-05
0.000128656
7.115e-05
8.9576e-05
0.000153953
2.6214e-05
0.000146893
0.000158742
5.7036e-05
8.8079e-05
0.000111251
0.000111267
0.000157012
7.1674e-05
3.887e-05
2.9956e-05
6.346e-05
5.6119e-05
0.000125676
0.000152336
8.2917e-05
0.000185411
6.588e-06
2.37e-06
5.6272e-05
0.0001556
1.7502e-05
